100
147734
434256
796184
674225
562042
135826
413023
591646
772117
150277
17327
85529
117514
846716
841911
713886
975245
517187
146794
52556
760127
547189
893485
851631
221551
228572
829066
291356
298322
404979
57583
223827
550205
888863
51082
383034
470762
638720
312610
398707
169730
378832
688458
456723
785512
867888
532116
389803
604251
348372
904089
61606
964297
944243
716579
26702
13072
958505
697726
364253
794035
614488
634508
969582
288167
25853
344326
382278
74517
717265
75641
10560
228475
708537
990918
65142
923298
540103
245652
526682
903796
255874
449463
526476
265998
644850
773368
8547
137767
29030
704807
549684
555057
397657
368769
668109
821418
414494
440051
602236
